1.4077806843663845
1.426548479445757
1.5633233263522708
1.61134870613288
1.0
1.0
1.0
1.0
1.0
1.6179326556196747
1.9147095596560506
1.331904400283348
1.4062467049419238
1.8761395811354304
1.0
1.9240024007080947
1.6180352495428827
1.0
1.0
1.8361578702237218
1.0
1.0
1.9800113875547503
1.0
1.0
1.299717234867555
1.0
1.8884161833755218
1.2492183659431968
1.0
1.6102386347222843
1.0
1.0
1.3445848494785337
1.3605871097676006
1.1297245842597017
1.419660212879951
1.4605707023777006
1.0
1.0
1.8329960972795447
1.8697012667324493
1.0
1.3368940988393694
1.4075575448577613
1.0
1.369280876526029
1.0
1.0
1.0
1.5385987396063536
1.381358020169035
1.0
1.3747171316310096
1.4033505127843144
1.0
1.0
1.0
1.0734825981679392
1.0
1.0
1.1919581859808739
1.0
1.0206739079873868
1.0
1.809001672099643
1.4646350951561053
1.0
1.8743096926658798
1.2310829152552105
1.0
1.0
1.4289444169360082
1.0
1.9915039747512815
1.5596362477967318
1.8399569897870913
1.0
1.0
1.0
1.0
1.3214311419135032
1.0
1.0
1.3986084791527322
1.0
1.0
1.0
1.0
1.1172777596617482
1.6009851595356384
1.0
1.0
1.7878926097097367
1.8752188899992028
1.4641309052607254
1.0
1.0
1.4064122589923294
1.8443989157012333
1.0
1.7917651589175412
1.0
1.0
1.0
1.0
1.0
1.6230045138666684
1.0
1.636134349183137
1.2298934508177035
1.0
1.0
1.3443055238343522
1.8491950689039018
1.0
1.0
1.9092684178105686
1.0
1.8873829577017551
1.0
1.0
1.8854410092771197
1.0
1.458297339045427
1.0
1.0
1.4017802144596192
1.0
1.9069598476061733
1.7482127041032551
1.3979750222051086
1.0
1.066482747985047
1.4322364683921196
1.9150187632500726
1.0
1.0
1.0
1.943978115764637
1.8728334630714591
1.5178197169381298
1.0
1.0
1.6665568370129482
1.0
1.5144808913608663
1.08053286623282
1.881847323245629
1.0
1.2597931112209595
1.8239497543664132
1.6206370939626267
1.3738908966486807
1.0
1.4311024524512055
1.1336613148448709
1.340835251148812
1.0
1.0
1.6579283546299428
1.6864475163474835
1.749695472358906
1.494820144823676
1.0
1.0
1.0
1.0
1.5551701211976823
1.0
1.152164725533875
1.0
1.0
1.6993871565118366
1.7368558491864368
1.0
1.0
1.0
1.0
1.324171417752835
1.5424440140664906
1.7392174860085603
1.1270797920011548
1.101863743672759
1.0
1.460986617683471
1.0
1.0
1.0
1.163003332783749
1.101151815066793
1.7987998978434072
1.0
1.0
1.533899887976372
1.0
1.0
1.711732145611209
1.0
1.0
1.0
1.0
1.0
1.0
1.3504622267096786
1.0
1.0
1.9944742729736047
1.0
1.0
1.0
1.2766097747898448
1.0
1.1167577770245738
1.0
1.0
1.510953520200216
1.0
1.0
1.2459967846074105
1.3024950467176133
1.1854902253226958
1.8020861785093156
1.0
1.1755913043994768
1.9807716023557562
1.0
1.0
1.293939139372981
1.0
1.8284326993209166
1.9482064383640538
1.0
1.0820684537963863
1.9804222448368274
1.7233593893246628
1.4104324403688684
1.0
1.0
1.0
1.0
1.0
1.6221673440090114
1.0
1.0
1.1174245383316774
1.0
1.0
1.5582380001588967
1.0
1.0
1.6964318989914104
1.021651134968032
1.0
1.0
1.6866430297012593
1.0733759213139373
1.0
1.7556272534946322
1.0
1.5878689886053137
1.0
1.0
1.2053462204450969
1.0
1.5171057446355167
1.0
1.109079125100931
1.0907193086850993
1.3988061132580143
1.0
1.2888179168680671
1.9509187599373616
1.0
1.0
1.1487000601519959
1.6342326086513383
1.8980427582907067
1.0
1.0682736850474368
1.0
1.0
1.0
1.0
1.5019675273689361
1.5643570885613811
1.0
1.0
1.393064925715465
1.0
1.2502717656670743
1.0
1.1355361804211035
1.0
1.413795780063419
1.548549682000194
1.1017692192997384
1.0
1.0857632478220185
1.7313051485741457
1.243622104177384
1.1616397279824606
1.0
1.7133394074340456
1.0
1.8412510394567165
1.8477291850904438
1.4840327631296597
1.0
1.0
1.8456679671938732
1.0
1.0
1.0
1.0
1.85307782583073
1.0
1.4170614108708992
1.1483635442596931
1.8435643336833003
1.0
1.0
1.0
1.4217955477610307
1.8573380933801273
1.0
1.799759636477322
1.0
1.7707411546377092
1.989191405767817
1.0
1.9611029761650816
1.1962708725973463
1.0
1.0
1.3066033761362628
1.5044473596544232
1.0
1.0
1.2228078935706208
1.0
1.2247199077601476
1.7774353776371108
1.0
1.6879155612488792
1.0
1.2019293398108042
1.190579807536063
1.0
1.3885145406686947
1.0
1.0451246787212936
1.0
1.0
1.8567249354007036
1.3901250626842032
1.0
1.3905947660175202
1.6917633797581924
1.0
1.0
1.7670232933173555
1.0
1.3601280843315862
1.197891845616778
1.0
1.4705552210819997
1.0
1.0
1.0
1.0
1.0
1.122677722143082
1.6463870727242644
1.0
1.7925555111599747
1.5034310731923637
1.6732888590699526
1.711870172085358
1.0946519805087997
1.0
1.0
1.0
1.0
1.8377825079958778
1.341828399900355
1.0
1.0
1.8317256616417972
1.682336331278567
1.427763598997449
1.1757019579352843
1.2463088049795692
1.0785152986325808
1.0
1.0
1.3670731291866773
1.0
1.0
1.8165944543817432
1.0
1.9275007378743987
1.0
1.0
1.2129907117326455
1.0
1.0
1.0
1.0
1.0
1.0
1.0502857112170532
1.0
1.0501203438972346
1.0
1.6107817236822606
1.3016402683346937
1.1724309054743167
1.0
1.0
1.0
1.0
1.0
1.0
1.6409853009669626
1.0
1.0
1.0
1.1390303397422248
1.0
1.5422836092846652
1.0
1.908459208321369
1.6597159081017243
1.7484337538876493
1.5064746318921343
1.0
1.856696176259878
1.7317930560111479
1.0
1.0
1.0360964750411386
1.0
1.5621639314631908
1.0
1.6802619246093622
1.0
1.4693841401871117
1.0
1.0
1.1501605444908338
1.0
1.0
1.8122007525758628
1.153460377155983
1.0246361206393038
1.2174938419607937
1.0261656718178678
1.818861487689601
1.0
1.2128722776606597
1.0
1.9099385693762072
1.4690246373308298
1.0
1.349695045233116
1.0
1.0
1.6155176813567083
1.9191244527780003
1.0
1.5929904869928975
1.0284309270980112
1.8681789481413962
1.0
1.0
1.0
1.2349113909349179
1.2809875978217047
1.112818242127097
1.6984557120954584
1.0
1.0
1.4931688243662347
1.0
1.352614861768338
1.0
1.9645150164408944
1.0
1.3448189471906813
1.0
1.0
1.9988663995534823
1.0
1.0
1.3717366841144985
1.4197291029990116
1.2033991912966076
1.0
1.3207090069141503
